crucianiProperties
AminoAcid;A;R;N;D;C;E;Q;G;H;I;L;K;M;F;P;S;T;W;Y;V
PP1;-0.96;0.80;0.82;1.00;-0.55;0.94;0.78;-0.88;0.67;-0.94;-0.90;0.60;-0.82;-0.85;-0.81;0.41;0.40;0.06;0.31;-1.00
PP2;-0.76;0.63;-0.57;-0.89;-0.47;-0.54;-0.30;-1.00;-0.11;-0.05;0.03;0.10;0.03;0.48;-0.40;-0.82;-0.64;1.00;0.42;-0.43
PP3;0.31;0.99;0.02;-1.00;0.19;-0.99;-0.38;0.49;0.37;-0.18;-0.24;1.00;-0.08;-0.58;-0.07;0.57;0.37;-0.47;-0.20;-0.14

kideraFactors
AminoAcid;A;R;N;D;C;Q;E;G;H;I;L;K;M;F;P;S;T;W;Y;V
KF1;-1.56;0.22;1.14;0.58;0.12;-0.47;-1.45;1.46;-0.41;-0.73;-1.04;-0.34;-1.40;-0.21;2.06;0.81;0.26;0.30;1.38;-0.74
KF2;-1.67;1.27;-0.07;-0.22;-0.89;0.24;0.19;-1.96;0.52;-0.16;0.00;0.82;0.18;0.98;-0.33;-1.08;-0.70;2.10;1.48;-0.71
KF3;-0.97;1.37;-0.12;-1.58;0.45;0.07;-1.61;-0.23;-0.28;1.79;-0.24;-0.23;-0.42;-0.36;-1.15;0.16;1.21;-0.72;0.80;2.04
KF4;-0.27;1.87;0.81;0.81;-1.05;1.10;1.17;-0.16;0.28;-0.77;-1.10;1.70;-0.73;-1.43;-0.75;0.42;0.63;-1.57;-0.56;-0.40
KF5;-0.93;-1.70;0.18;-0.92;-0.71;1.10;-1.31;0.10;1.61;-0.54;-0.55;1.54;2.00;0.22;0.88;-0.21;-0.10;-1.16;0.00;0.50
KF6;-0.78;0.46;0.37;0.15;2.41;0.59;0.40;-0.11;1.01;0.03;-2.05;-1.62;1.52;-0.81;-0.45;-0.43;0.21;0.57;-0.68;-0.81
KF7;-0.20;0.92;-0.09;-1.52;1.52;0.84;0.04;1.32;-1.85;-0.83;0.96;1.15;0.26;0.67;0.30;-1.89;0.24;-0.48;-0.31;-1.07
KF8;-0.08;-0.39;1.23;0.47;-0.69;-0.71;0.38;2.36;0.47;0.51;-0.76;-0.08;0.11;1.10;-2.30;-1.15;-1.15;-0.40;1.03;0.06
KF9;0.21;0.23;1.10;0.76;1.13;-0.03;-0.35;-1.66;1.13;0.66;0.45;-0.48;-1.27;1.71;0.74;-0.97;-0.56;-2.30;-0.05;-0.46
KF10;-0.48;0.93;-1.73;0.70;1.10;-2.33;-0.12;0.46;1.63;-1.78;0.93;0.60;0.27;-0.44;-0.28;-0.23;0.19;-0.60;0.53;0.65

zScales
Aminoacid;A;R;N;D;C;Q;E;G;H;I;L;K;M;F;P;S;T;W;Y;V
Z1;0.24;3.52;3.05;3.98;0.84;1.75;3.11;2.05;2.47;-3.89;-4.28;2.29;-2.85;-4.22;-1.66;2.39;0.75;-4.36;-2.54;-2.59
Z2;-2.32;2.50;1.62;0.93;-1.67;0.50;0.26;-4.06;1.95;-1.73;-1.30;0.89;-0.22;1.94;0.27;-1.07;-2.18;3.94;2.44;-2.64
Z3;0.60;-3.50;1.04;1.93;3.75;-1.44;-0.11;0.36;0.26;-1.71;-1.49;-2.49;0.47;1.06;1.84;1.15;-1.12;0.59;0.43;-1.54
Z4;-0.14;1.99;-1.15;-2.46;0.18;-1.34;-3.04;-0.82;3.90;-0.84;-0.72;1.49;1.94;0.54;0.70;-1.39;-1.46;3.44;0.04;-0.85;
Z5;1.30;-0.17;1.61;0.75;-2.65;0.66;-0.25;-0.38;0.09;0.26;0.84;0.31;-0.98;-0.62;2.00;0.67;-0.40;-1.59;-1.47;-0.02;

FASGAI
Aminoacid;A;R;N;D;C;Q;E;G;H;I;L;K;M;F;P;S;T;W;Y;V
F1;0.207;-1.229;-1.009;-1.298;0.997;-0.880;-1.349;-0.205;-0.270;1.524;1.200;-1.387;0.886;1.247;-0.407;-0.495;-0.032;0.844;0.329;-1.332
F2;0.821;0.378;-0.939;-0.444;0.021;0.381;1.388;-2.219;0.461;0.536;1.128;0.572;1.346;0.293;-2.038;-0.847;-0.450;-0.075;-0.858;0.545
F3;-1.009;0.516;-0.428;-0.584;-1.419;-0.044;-0.361;-1.656;-0.024;0.809;0.703;0.285;0.277;1.336;-0.564;-1.079;-0.610;2.069;1.753;0.029
F4;1.387;-0.328;-0.397;-0.175;-2.080;-0.455;0.213;1.229;-1.407;0.734;1.904;0.333;-0.913;-0.026;-0.128;0.582;0.341;-1.360;-0.479;1.026
F5;0.063;-0.052;-0.539;-0.259;-0.799;-0.040;0.424;-1.115;0.001;-0.196;0.536;-0.169;0.007;0.012;3.847;0.035;0.117;-0.810;-0.835;-0.229
F6;-0.600;2.728;-0.605;-1.762;0.502;0.405;-1.303;-1.146;0.169;0.427;-0.141;1.157;-0.265;-0.015;-1.108;-0.068;0.577;-0.380;0.289;1.038

VHSE
Aminoacid;A;R;N;D;C;Q;E;G;H;I;L;K;M;F;P;S;T;W;Y;V;
VHSE1;0.15;-1.47;-0.99;-1.15;0.18;-0.96;-1.18;-0.20;-0.43;1.27;1.36;-1.17;1.01;1.52;0.22;-0.67;-0.34;1.50;0.61;0.76
VHSE2;-1.11;1.45;0.00;0.67;-1.67;0.12;0.40;-1.53;-0.25;-0.14;0.07;0.70;-0.53;0.61;-0.17;-0.86;-0.51;2.06;1.60;-0.92
VHSE3;-1.35;1.24;-0.37;-0.41;-0.46;0.18;0.10;-2.63;0.37;0.30;0.36;0.70;0.43;0.96;-0.50;-1.07;-0.55;1.79;1.17;-0.17
VHSE4;-0.92;1.27;0.69;-0.01;-0.21;0.16;0.36;2.28;0.19;-1.80;-0.80;0.80;0.00;-0.16;0.05;-0.41;-1.06;0.75;0.73;-1.91
VHSE5;0.02;1.55;-0.55;-2.68;0.00;0.09;-2.16;-0.53;0.51;0.30;0.22;1.64;0.23;0.25;-0.01;-0.32;-0.06;0.75;0.53;0.22
VHSE6;-0.91;1.47;0.85;1.31;1.20;0.42;-0.17;-1.18;1.28;-1.61;-1.37;0.67;0.10;0.28;-1.34;0.27;-0.01;-0.13;0.25;-1.40
VHSE7;0.36;1.30;0.73;0.03;-1.61;-0.20;0.91;2.01;0.93;-0.16;0.08;1.63;-0.86;-1.33;-0.19;-0.64;-0.79;-1.01;-0.96;-0.24
VHSE8;-0.48;0.83;-0.80;0.56;-0.19;-0.41;0.02;-1.34;0.65;-0.13;-0.62;0.13;-0.68;-0.20;3.56;0.11;0.39;-0.85;-0.52;-0.03

ProtFP
Aminoacid;A;C;D;E;F;G;H;I;K;L;M;N;P;Q;R;S;T;V;W;Y
ProtFP1;-0.10;4.62;-6.61;-5.10;6.76;-5.70;0.17;6.58;-4.99;5.76;5.11;-4.88;-3.82;-3.95;-2.79;-4.57;-2.00;5.04;7.33;3.14
ProtFP2;-4.94;-3.54;0.94;2.20;0.88;-8.72;2.14;-1.73;5.00;-1.33;0.19;0.81;-2.31;2.88;6.60;-2.55;-1.77;-2.90;4.55;3.59
ProtFP3;-2.13;1.50;-3.04;-3.59;0.89;4.18;1.20;-2.49;0.70;-1.71;-1.02;0.14;3.45;-0.83;1.21;-0.67;-0.70;-2.29;2.77;2.45
ProtFP4;1.70;-1.26;-4.58;-2.26;-1.12;-1.35;0.71;1.09;3.00;0.63;0.15;-0.14;1.00;0.52;2.07;1.11;1.02;1.38;-2.41;-1.27
ProtFP5;-0.39;3.27;0.48;-2.14;-0.49;-0.31;1.16;-0.34;-1.23;-1.70;0.13;1.23;-3.22;0.90;1.67;0.99;1.06;0.06;-1.08;-0.06
ProtFP61.06;-0.34;-1.31;1.35;-0.55;2.91;-0.38;-0.28;1.41;0.71;-0.30;-0.65;-3.54;0.55;0.76;-1.02;-1.20;0.08;1.04;-0.29
ProtFP7;-1.39;-0.47;0.10;-0.45;-0.87;0.32;-1.85;1.97;0.19;-0.05;-2.95;1.02;-0.36;-0.08;0.00;0.11;0.74;1.79;0.23;1.99
ProtFP8;0.97;-0.23;0.94;-1.31;1.05;-0.11;-2.79;-0.92;0.87;-0.51;0.50;-1.94;-0.30;0.64;0.32;0.65;1.65;-0.38;0.59;0.30

BLOSUM
Aminoacid;A;C;D;E;F;G;H;I;K;L;M;N;P;Q;R;S;T;V;W;Y;
BLOSUM1;0.08;-1.08;1.55;1.48;-1.62;0.85;0.72;-1.46;1.14;-1.41;-0.96;1.51;0.88;1.09;1.01;0.84;0.19;-1.13;-1.58;-1.14
BLOSUM2;-0.92;-1.11;0.01;0.23;1.01;0.17;1.55;-1.13;-0.04;-0.86;-0.59;0.22;-0.68;0.30;0.19;-0.45;-0.73;-1.23;2.28;1.74
BLOSUM3;0.53;1.56;0.32;-0.67;-0.31;1.73;-0.80;-0.76;-0.80;-0.88;-0.97;-0.05;0.38;-0.87;-0.86;0.42;0.18;-0.63;1.17;-0.58
BLOSUM4;0.00;0.81;0.49;-0.36;0.62;0.09;1.55;0.38;-0.85;-0.17;-0.53;1.01;-0.87;-0.72;-0.61;0.32;-0.01;0.06;-1.61;0.75
BLOSUM5;0.24;1.83;-0.99;-0.28;-0.55;-0.55;0.35;-0.60;0.82;0.03;0.24;0.12;-1.24;0.50;1.28;0.20;0.02;-0.60;0.12;-0.12
BLOSUM6;0.19;-1.05;0.01;-0.08;0.29;1.19;-0.79;0.28;0.10;0.34;0.37;0.83;-2.02;-0.08;0.20;0.54;0.38;0.16;0.24;-0.48
BLOSUM7;0.66;-0.74;-1.62;-1.01;-0.02;1.21;0.66;-0.13;0.21;0.11;0.06;-0.03;0.85;-0.44;0.66;0.01;-0.30;0.01;-0.54;0.24
BLOSUM8;-0.05;0.38;0.53;0.36;0.10;0.87;-0.08;0.20;0.13;0.15;0.21;-0.57;-0.35;0.20;0.18;-0.80;-1.96;0.02;-0.40;-0.25
BLOSUM9;1.36;-0.12;-0.15;0.77;0.43;0.01;-0.19;-0.22;0.18;-0.44;-0.56;-1.20;-0.42;0.38;-0.22;0.62;0.15;0.25;-0.35;0.71
BLOSUM10;0.33;-0.10;-0.28;0.30;-1.29;0.24;0.99;0.21;-0.85;-0.02;0.36;-0.14;-0.30;0.67;-0.52;-0.13;0.06;0.61;0.50;-0.25


MSWHIM
Aminoacid;A;C;D;E;F;G;H;I;K;L;M;N;P;Q;R;S;T;V;W;Y;
MSWHIM1;-0.73;-0.66;0.11;0.24;0.76;-0.31;0.84;-0.91;-0.51;-0.74;-0.70;0.14;-0.43;0.30;-0.22;-0.80;-0.58;-1.00;1.00;0.97
MSWHIM2;0.20;0.26;-1.00;-0.39;0.85;-0.28;0.67;0.83;0.08;0.72;1.00;0.20;0.73;1.00;0.27;0.61;0.85;0.79;0.98;0.66
MSWHIM3;-0.62;-0.27;-0.96;-0.04;-0.34;-0.75;-0.78;-0.25;0.60;-0.16;-0.32;-0.66;-0.60;-0.30;1.00;-1.00;-0.89;-0.58;-0.47;-0.16


tScales
Aminoacid;A;R;N;D;C;Q;E;G;H;I;L;K;M;F;P;S;T;W;Y;V;
T1;-9.11;0.23;-4.62;-4.65;-7.35;-3.00;-3.03;-10.61;-1.01;-4.25;-4.38;-2.59;-4.08;0.49;-5.11;-7.44;-5.97;5.73;2.08;-5.87
T2;-1.63;3.89;0.66;0.75;-0.86;1.72;1.82;-1.21;-1.31;-0.28;0.28;2.34;0.98;-0.94;-3.54;-0.65;-0.62;-2.67;-0.47;-0.94
T3;0.63;-1.16;1.16;1.39;-0.33;0.28;0.51;-0.12;0.01;-0.15;-0.49;-1.69;-2.34;-0.63;-0.53;0.68;1.11;-0.07;0.07;0.28
T4;1.04;-0.39;-0.22;-0.40;0.80;-0.39;-0.58;0.75;-1.81;1.40;1.45;0.41;1.64;-1.27;-0.36;-0.17;0.31;-1.96;-1.67;1.10
T5;2.26;-0.06;0.93;1.05;0.98;0.33;0.43;3.25;-0.21;-0.21;0.02;-0.21;-0.79;-0.44;-0.29;1.58;0.95;-0.54;-0.35;0.48

stScales
Aminoacid;A;R;N;D;C;Q;E;G;H;I;L;K;M;F;P;S;T;W;Y;V;
ST1;-1.552;-0.059;-0.888;-0.907;-1.276;-0.662;-0.629;-1.844;-0.225;-0.785;-0.826;-0.504;-0.693;-0.019;-1.049;-1.343;-1.061;0.853;0.308;-1.133
ST2;-0.791;0.731;-0.057;-0.054;-0.401;0.228;-0.390;-0.018;0.361;-1.010;-0.379;0.245;0.498;0.024;-0.407;-0.311;-0.928;0.039;0.569;-0.893
ST3;-0.627;-0.013;-0.651;-0.781;0.134;-0.193;-0.380;-0.184;0.079;-0.349;0.038;0.297;0.658;1.080;-0.067;-0.917;-0.911;0.260;1.100;-0.325
ST4;0.237;-0.096;-0.214;-0.248;0.859;-0.105;-0.366;0.573;-1.037;-0.097;-0.059;-0.065;0.457;-0.220;-0.066;-0.049;-0.063;-1.163;-0.464;0.303
ST5;-0.461;-0.253;0.917;1.120;-0.196;0.418;0.635;-0.728;0.568;-0.402;-0.625;-0.387;-0.231;-0.937;-0.813;0.549;0.538;0.160;-0.144;-0.561
ST6;-2.229;0.300;0.164;0.101;-0.720;0.474;0.514;-3.317;0.273;1.091;1.025;1.011;1.064;0.570;-0.890;-1.533;-0.775;-0.202;-0.354;-0.175
ST7;0.283;1.256;-0.140;-0.245;0.639;0.172;0.175;0.166;1.208;-0.139;-0.229;0.525;0.248;-0.357;0.021;0.166;-0.147;1.010;-1.099;-0.020
ST8;1.221;0.854;-0.166;-0.075;-0.857;0.408;0.367;2.522;-0.001;-0.764;-0.129;0.553;-0.778;0.278;-0.894;0.280;-0.717;0.195;0.162;-0.311